242
254
443
452
515
551
590
668
715
746
761
1079
1186
1274
1279
1402
1405
1433
83122
83134
83179
83253
83256
83404
83599
83602
84685
84853
84865
84892
84925
84974
85135
85375
85420
85475
85549
85651
85691
107830
110660
181018
181033
181063
181066
181096
181143
181147
181153
181155
181186
181351
181357
181365
181405
181422
181425
181426
182983
183034
183159
183231
183271
186508
186537
186564
186632
186660
186673
186679
186736
186742
186886
186904
224167
224200
224292
224407
224508
224572
224605
224673
224686
224710
224827
226859
283272
284679
284718
284727
287168
287201
316571
316573
316650
316701
316769
316776
316794
316802
316809
316810
316941
317000
317003
317025
317067
317088
317139
317196
317204
317211
356768
356828
356858
356867
392729
392776
394572
394602
416036
416175
416289
441429
441436
441440
441443
441521
441539
442699
470644
470678
470683
470697
470728
470737
470742
470752
470773
470800
470821
470830
470839
471196
471226
471318
471352
471364
471385
471387
471388
471443
471532
471544
471553
473450
473477
473489
473553
473558
473626
473655
473705
473769
473773
473774
473810
473820
473832
473837
473847
473895
473922
521042
521255
521305
521348
619350
629482
629512
629587
629655
629667
629670
629676
629685
660519
663239
663265
663281
663322
663462
665370
665404
665548
665793
665994
666171
666648
666786
666872
667051
667179
667282
667348
667354
670412
670428
670431
670455
670469
670614
670619
670715
672107
672368
672379
672389
672463
785715
785908
785931
840088
840116
840125
840132
840173
840182
840193
840194
840199
840205
840217
840224
840226
840239
840331
840382
840412
840424
840469
840473
840512
840521
840530
840539
840547
840548
840557
840559
840593
840599
840611
840614
840617
946566
946599
949141
949170
949171
950467
950482
950489
950492
950566
950690
950932
952088
953714
963941
963998
964016
964082
964144
964151
964166
964183
964211
964285
964416
964445
964449
964491
964614
964629
965783
965861
965936
966067
966097
966137
966167
966208
968184
980286
980312
980328
980369
981465
981479
981701
982575
982604
